Hello World - Matrix Rotate - Length 1
Original Matrix
100

Rotating Clockwise
100

Hello World - Matrix Rotate - Length 2
Original Matrix
101   103

100   102

Rotating Clockwise
100   101

102   103

Hello World - Matrix Rotate - Length 3
Original Matrix
102   105   108

101   104   107

100   103   106

Rotating Clockwise
101   102   105

100   104   108

103   106   107

Hello World - Matrix Rotate - Length 4
Original Matrix
103   107   111   115

102   106   110   114

101   105   109   113

100   104   108   112

Rotating Clockwise
102   103   107   111

101   105   106   115

100   109   110   114

104   108   112   113

Hello World - Matrix Rotate - Length 5
Original Matrix
104   109   114   119   124

103   108   113   118   123

102   107   112   117   122

101   106   111   116   121

100   105   110   115   120

Rotating Clockwise
103   104   109   114   119

102   107   108   113   124

101   106   112   118   123

100   111   116   117   122

105   110   115   120   121

Hello World - Matrix Rotate - Length 8
Original Matrix
107   115   123   131   139   147   155   163

106   114   122   130   138   146   154   162

105   113   121   129   137   145   153   161

104   112   120   128   136   144   152   160

103   111   119   127   135   143   151   159

102   110   118   126   134   142   150   158

101   109   117   125   133   141   149   157

100   108   116   124   132   140   148   156

Rotating Clockwise
106   107   115   123   131   139   147   155

105   113   114   122   130   138   146   163

104   112   120   121   129   137   154   162

103   111   119   127   128   145   153   161

102   110   118   135   136   144   152   160

101   109   126   134   142   143   151   159

100   117   125   133   141   149   150   158

108   116   124   132   140   148   156   157

Hello World - Matrix Rotate - Length 9
Original Matrix
108   117   126   135   144   153   162   171   180

107   116   125   134   143   152   161   170   179

106   115   124   133   142   151   160   169   178

105   114   123   132   141   150   159   168   177

104   113   122   131   140   149   158   167   176

103   112   121   130   139   148   157   166   175

102   111   120   129   138   147   156   165   174

101   110   119   128   137   146   155   164   173

100   109   118   127   136   145   154   163   172

Rotating Clockwise
107   108   117   126   135   144   153   162   171

106   115   116   125   134   143   152   161   180

105   114   123   124   133   142   151   170   179

104   113   122   131   132   141   160   169   178

103   112   121   130   140   150   159   168   177

102   111   120   139   148   149   158   167   176

101   110   129   138   147   156   157   166   175

100   119   128   137   146   155   164   165   174

109   118   127   136   145   154   163   172   173


